2387 -1
2393 2395 -1 3642 -1 3647 4267 2851 2852 2857 -1 3446 -1 3517 -1 3642 -1 3647 -1 4084 -1 4086 -1 4477 -1 4602 -1
1665 -1
2096 2097 -1
57 4371 4376 118 4381 128 130 4363 382 -1
384 385 417 -1 4095 -1 4097 -1 504 296 -1 1510 -1 1511 -1 1569 -1 3785 -1 738 739 -1 4375 -1 4377 2729 -1 1044 1045 983 -1 1620 -1 2200 -1 2201 1471 1472 -1 1503 1504 -1 1651 -1 1652 -1 2204 -1 2205 -1 2231 -1 2232 4303 4304 1978 2005 2080 2166 2167 -1 2553 -1 2554 -1 3465 3487 -1 2361 -1 2362 -1 2927 -1 2928 -1 2678 2679 -1 3066 -1 3067 -1 3166 3167 -1 3433 -1 4495 -1 3921 -1 4262 -1 4263 -1 4680 -1 4681 -1
1720 1497 -1
603 -1
246 -1 4069 -1
2470 2471 2481 2482 2483 2933 2934 2488 2492 2493 2494 2497 3434 2500 2501 2502 2505 2514 2378 2379 -1
4125 4133 4133 4135 4136 4298 4253 4256 4256 4567 4567 4573 4574 -1
4408 4409 -1
1186 -1
3154 3155 3154 3155 4204 4205 3160 3161 -1
4404 4405 4405 4404 4405 4404 4405 -1
4301 4302 -1
4680 4681 -1
3633 3634 -1
752 -1
4453 4454 -1
3653 -1 3653 -1 3653 -1
4152 4154 -1
4682 4686 4687 4686 4687 -1
4233 4234 4233 4234 4233 4234 -1
3197 3198 -1
2153 2154 -1
3442 3443 -1
2693 2694 2693 2694 3466 3531 2702 -1
2781 -1
3566 3573 3082 3083 4682 -1
1092 1093 -1
3372 -1
3239 3267 -1
3260 3261 -1
2652 2653 -1
2288 2289 -1
4791 -1
4870 4871 -1
688 689 -1
2181 2182 -1
1184 1185 140 -1 506 2869 2870 -1 889 -1 890 -1 894 619 626 -1 748 -1 798 -1 800 -1 819 820 825 826 831 909 911 917 -1 1271 -1 1337 -1 1342 -1 1609 -1 2799 -1 2811 -1 3750 -1 3765 -1 4282 -1 4292 -1 4298 -1 4474 -1 4511 -1 4543 -1 4567 -1
2731 -1
4233 4234 4237 4239 4243 4244 -1
2457 -1
3078 3079 -1 303 -1 313 -1 756 -1 4587 -1 4589 -1 795 -1 804 -1 2960 -1 810 -1 2961 4746 4747 -1 1070 -1 1081 -1 1260 3564 3565 951 964 -1 1278 -1 1379 -1 1402 1412 -1 1708 -1 2260 2261 1720 1732 1740 1752 3616 3618 -1 1805 -1 1834 -1 1882 1578 1638 1643 1647 1656 1657 1672 1684 1695 1699 -1 2230 -1 2238 2125 -1 2578 -1 2589 -1 2743 -1 2753 -1 3581 -1 3593 -1 3484 -1 3490 -1 3500 -1 4289 -1 4290 -1 3528 -1 3541 -1 3827 -1 3840 -1 3847 3858 3865 -1
902 -1 2467 -1 2474 -1 2267 -1 4179 -1 2284 -1 2290 -1 2927 -1 2928 -1 2885 -1 2889 -1 3310 -1 3351 -1 3352 -1 3394 -1
2779 2780 -1
48 65 1432 3057 -1 203 3684 3707 2795 212 213 -1 1703 4712 4713 3064 136 137 155 170 176 11 23 24 1070 1081 33 34 1267 1269 4534 46 47 3025 407 408 1524 -1 556 -1 2994 2995 567 2598 569 570 573 574 1525 416 422 426 428 1264 449 450 451 465 468 469 796 471 529 4774 544 243 271 272 278 279 281 283 289 312 367 1705 1707 328 329 335 336 337 345 1195 1700 366 367 -1
2392 2394 2396 2400 4129 4130 -1
1188 1189 -1
584 585 3452 3453 1113 -1
1326 1334 707 710 2959 716 717 -1
2475 2476 -1
345 1195 -1
517 363 517 517 231 234 4682 234 517 4680 4681 517 4681 244 247 247 4681 517 4680 4681 517 4681 363 517 4681 363 -1
3063 -1
114 -1
868 869 -1
3128 3129 -1
3201 4206 3210 4208 -1
4682 4774 4774 4682 -1
50 4016 4017 151 -1 582 -1 588 -1 516 -1 839 -1 846 -1 2717 -1 4118 -1 1440 -1 1443 -1 1479 -1 1489 -1 2235 -1 2241 -1 3006 -1 3007 -1 4229 -1 4230 -1 2808 -1 2819 -1 2821 -1 2831 -1 2848 -1 2858 -1 3064 -1 3062 -1 3730 -1 3731 -1 3539 -1 3397 -1 3540 -1 3415 -1 3449 -1 3461 -1 3470 -1 3476 -1 3482 -1 3536 3546 3768 -1 4623 -1 4641 -1 4644 -1 4656 -1
637 638 -1
3290 3294 -1
4046 4047 -1
2974 -1
4520 4521 -1
2380 2491 -1
4 -1 2654 -1 2655 -1 1026 -1 1288 -1 1293 -1 1424 -1 2181 -1 2182 -1 4661 -1 1468 -1 4662 -1 1515 -1 1676 -1 1685 -1 2958 -1 2959 -1 2874 -1 3465 -1 3487 -1 4540 -1
4631 4632 4631 4632 -1
620 621 623 2791 -1
3604 3605 2067 2069 2067 2069 -1 2385 -1 2386 -1 4682 -1 3604 -1 3605 -1
3570 3483 3570 3483 3967 4477 3967 4477 -1
4712 4713 -1
4449 4450 -1
4755 4759 4759 -1
2173 2177 2360 2365 2177 -1
4311 -1
874 4424 4425 886 3727 3744 4386 4387 767 768 769 770 771 773 780 786 4218 4682 2356 2359 -1 1065 1066 1068 1069 1074 1075 3020 3021 1080 1084 1086 -1 1218 -1 1219 -1 4869 -1 1242 1245 1088 3886 4155 4160 1136 1137 1106 2439 3532 1114 4411 4412 1118 3174 4408 4409 1123 1124 1127 1128 4631 4632 1139 2914 1142 1145 1147 1149 1153 1156 1157 1158 1159 1160 2234 1167 2875 4430 4431 1178 1181 1182 1194 1195 1197 2330 1672 1203 1208 1213 1214 1215 1216 1005 4803 4804 1012 1013 1015 1027 1034 1035 1037 1039 -1 1533 -1 1534 1535 -1 1547 2488 1550 1551 1554 1556 1568 1570 1574 1265 1289 1290 1295 1296 1297 1308 1313 2348 1387 4229 4230 1394 1396 2980 1407 1409 2884 1421 1426 3042 1444 1445 1447 3390 1908 1453 1454 2496 1462 1474 1483 1487 1488 1500 1501 1975 2044 2542 1523 1526 1527 1717 2006 2007 -1 2596 -1 1886 2104 1893 1894 4713 1898 1899 1900 1901 1902 1903 1925 1931 1749 1753 3038 3039 1784 2142 1786 1792 1793 1794 1797 1816 1817 2675 1819 -1 1850 1854 4742 4743 1865 1866 2553 2554 1575 1576 1581 2331 2332 1597 3548 3594 1603 4617 4618 1615 1616 4642 4643 1646 1670 1683 1683 1693 -1 2198 2199 2209 2216 4797 2218 2219 2222 2223 2233 2234 2236 1936 2579 1962 1963 1981 3869 1991 4111 4380 4079 2011 2919 2015 2020 2021 2025 2031 4055 4056 2044 2049 2050 2056 2070 2071 2083 2084 2087 -1 2090 -1 2091 2092 3039 4706 4707 2104 2105 2106 2107 2108 2117 3090 3091 4708 4709 2136 2142 4798 2148 2149 2169 2170 2171 2172 2178 2179 2180 2185 2191 2192 2193 2194 2197 -1 2415 2558 4170 4175 2563 2579 2581 2641 2588 2590 3264 3304 2598 2601 2603 2604 -1 2426 2427 2428 2429 -1 2444 2523 2530 2678 2679 2545 2547 2549 2552 2245 2255 4624 2271 2588 3004 3005 2277 2278 2286 2314 2316 3202 3203 2330 2335 2337 2339 2341 2348 2349 2350 4178 4144 2606 2609 2612 2613 2615 2616 2620 3907 2627 3458 3459 2631 2632 -1 2682 -1 4310 2684 2685 2686 2687 4130 3170 3173 2695 2696 2697 2698 2699 -1
2397 2398 -1
2445 -1
1971 1972 1971 1972 -1
3851 3852 3853 -1 3851 -1 3852 3853 3082 3083 3851 2881 2151 2152 -1 3851 -1 3852 -1 3853 -1 3851 -1 3852 3853 3851 3852 3853 3851 3852 3853 3851 3852 3853 -1 3851 -1 3852 3853 -1 3851 -1 3852 -1 3853 3851 3852 3853 -1 3851 -1 3852 -1 3853 3851 3852 3853 3851 3852 3853 -1 3851 -1 3852 -1 3853 3851 3852 3853 3851 3852 3853 3851 3852 3853 -1
3606 3607 3607 1923 1921 1922 1921 1922 1923 -1
941 950 -1
2095 2102 -1
29 4696 -1 3382 -1 3391 -1 3825 -1 3826 -1 1023 -1 1427 -1 4451 -1 4452 -1 2796 -1 2797 -1 2313 -1 2326 -1 3747 -1 3758 -1 3661 -1 3670 -1 3697 -1 3715 -1 3720 -1 3728 -1 3729 -1 3740 -1 4112 -1 4353 -1 4777 -1 4801 -1
1909 1910 1938 3851 1938 2596 3683 3685 3685 1976 -1 3569 -1 3570 -1 3966 -1 3967 -1 3258 -1
2124 2126 2132 2133 -1
3705 3706 -1
4712 4713 -1 4334 -1 4335 -1
4162 4164 -1
119 120 -1
238 76 108 706 142 351 43 368 375 382 4376 4381 1715 1723 -1 579 -1 4615 -1 608 -1 4620 -1 1151 1152 2555 -1 2556 706 -1 1415 -1 1259 -1 753 759 -1 4862 -1 1043 3646 -1 4380 4724 4079 4725 -1 2730 -1 3372 926 928 4063 1032 4872 3645 -1 4291 4293 1837 1838 2195 2196 1874 1875 2285 2287 -1 1528 -1 2231 -1 1712 2232 1718 1724 4625 1728 2313 4626 4330 2326 2361 4331 4594 2362 1780 4596 -1 1829 -1 1843 1658 2997 1872 1873 4312 4313 1694 1702 -1 3214 -1 3215 -1 2901 -1 2752 -1 2761 -1 3851 -1 3182 -1 2997 -1
172 175 3 7 -1 883 -1 887 -1 1046 -1 3746 -1 3748 -1 1204 -1 1211 -1 1038 -1 1673 -1 2010 -1 2388 -1 2391 -1 2599 -1 2888 -1 2619 -1 2634 -1 2656 -1 2660 -1 3631 -1 3632 -1 4569 -1 4570 -1 3044 -1
3683 3685 -1
52 53 2676 2677 2762 2764 3876 3877 2557 74 2684 2685 80 84 91 93 184 187 -1 195 196 2122 2521 214 215 97 98 102 1778 1779 109 110 111 115 122 123 124 125 129 131 2277 2278 147 150 154 168 174 178 183 2 8 13 22 25 28 32 37 44 45 3550 3551 371 379 380 1639 1640 400 401 1538 1539 -1 550 -1 551 -1 555 559 564 3914 571 575 577 583 586 592 593 594 2091 2092 2529 2049 2050 767 768 1558 1992 2006 2007 446 447 453 454 1133 1135 1147 1149 -1 477 -1 481 482 484 487 488 492 494 3864 3866 503 505 -1 1197 2330 512 2514 519 521 522 524 526 527 2157 531 533 536 537 547 548 239 240 256 4580 4583 3961 3962 1704 274 276 277 286 287 290 291 297 298 1798 1799 306 2395 314 318 319 324 325 330 333 338 339 340 341 344 347 348 349 350 353 355 357 358 2585 360 361 -1 863 -1 864 891 3510 3511 904 597 604 610 614 615 622 627 634 635 636 640 642 654 657 658 4523 663 664 665 667 1603 675 676 681 683 684 685 686 687 692 693 695 696 700 701 703 704 705 708 709 712 713 718 719 721 722 724 729 736 740 2997 746 -1 764 -1 778 779 782 783 806 807 828 829 837 841 842 1042 2027 1058 -1 1072 1082 -1 1217 -1 2574 -1 2580 1248 1249 1250 1256 -1 1262 1094 1095 1096 1098 1099 1100 3103 3105 1108 1109 1110 1113 1117 1120 1510 1511 1524 1525 2005 1143 1144 1658 1151 1152 1154 1155 4131 4142 1764 1777 1712 1724 1183 1186 1187 1190 1191 2046 4148 4566 1209 1210 908 912 916 922 924 925 929 934 937 1862 952 953 956 962 968 969 971 972 976 4640 982 991 992 998 1007 1014 1016 -1 3732 -1 1536 1537 1538 1539 1545 1546 1553 1559 1572 1573 1263 1274 1286 1287 1298 3961 3962 1304 2853 2856 4162 4164 2977 2978 1329 1330 3889 3890 1358 1359 1374 1375 1381 1382 1796 2609 1385 4599 4605 1413 1414 1430 2977 2978 1511 4599 4605 4613 4614 1844 1845 1460 1465 1469 1470 1473 1475 1476 2205 1491 1492 4327 1502 1509 1510 1511 1520 1521 1522 1529 1530 3719 1713 1714 1721 1722 2085 2086 1745 1746 -1 1888 -1 1889 4528 3654 -1 1926 1927 1928 2860 1930 1932 2860 1769 1770 1778 1779 1787 1788 1790 1795 1796 1798 1799 1801 1802 1803 1804 1806 1807 1808 1809 1810 4131 4142 4666 4667 1820 2579 1822 1823 1824 1825 3654 4063 1830 1831 1874 1875 3566 3573 1837 1838 2676 2677 2192 1925 1844 1845 1849 1851 1855 1856 1857 1858 1859 1861 1862 1864 2231 2232 1872 1873 1876 1878 1883 1884 1883 4003 4004 1586 1587 2247 1606 1607 1618 1630 1632 1639 1640 1644 1645 4093 4094 1659 1660 1666 1679 4222 1690 1691 1697 1698 1704 -1 2224 -1 2226 2237 2239 2242 1933 1934 1935 1940 1943 1944 1946 1947 2836 3955 3959 1954 1955 1956 1957 1964 1965 1966 1970 1975 2044 1979 1980 1989 1990 1993 1994 1996 1997 2000 2001 2006 2007 2013 2211 2215 2022 2023 2027 2029 2030 2035 2036 2038 2039 2416 3700 2045 2046 2703 2704 2057 2058 2060 2317 2204 2205 2072 2073 3633 2085 2086 -1 2088 -1 3700 2121 2127 2128 2155 2156 2157 2158 -1 2399 2557 2568 2585 -1 2472 2528 2529 2537 2546 2550 2551 2244 2247 2248 2253 2254 3634 2266 2308 2309 2310 2317 2323 -1 2897 -1 2898 -1 2904 -1 2905 -1 2909 -1 2910 2911 2912 2916 2917 2918 2642 2643 2647 2648 2650 2651 2658 2659 2662 2663 4213 4215 2800 2801 2804 2805 2809 2810 2812 -1 3052 3054 3055 3056 3057 3058 3059 3060 3061 3062 3064 3070 3071 3072 3073 3074 3075 3076 3077 3080 3081 3086 3087 3090 3091 -1 3233 3234 3235 3236 3240 3241 3250 3251 3260 3261 3263 3264 3268 3269 3272 3273 3274 3092 3093 3099 3100 3101 3102 3106 3107 3108 3109 3113 3114 3118 3119 3122 3123 3124 3125 3130 3131 3133 3134 3135 3136 3137 3138 3139 3140 3141 3144 3145 3148 3149 3150 3152 3548 3594 3171 3271 3177 3178 3179 3187 3188 -1 3189 3190 3194 3195 3199 3200 3202 3203 3207 3208 3211 3214 3215 3219 3220 3222 3223 4438 4448 3227 3228 3229 3230 2919 2921 2922 2924 2925 2927 2928 2933 2934 3143 3168 2940 2941 2944 2945 2950 2951 2952 2953 2958 2959 2965 2966 2969 2970 2972 2973 2976 2979 2980 2982 2985 2986 2989 3746 3748 2994 2995 2998 2999 3004 3005 3006 3007 3010 3011 3015 3016 3017 3018 3020 3021 3023 3024 3025 3026 3028 3031 3032 3035 3036 3038 3039 3041 3046 3049 -1 3552 3553 3554 3555 -1 3558 3559 3562 3563 3564 3565 3567 3568 3569 3570 3574 3575 3576 3577 3579 3580 4852 4855 3589 3590 3595 3596 3600 3275 3279 3280 3282 3283 3285 3286 3293 3295 3303 3304 3307 3308 3314 3315 3316 3317 3318 3319 3320 3323 3324 3333 3334 3338 3339 3343 3344 3519 3523 3354 3355 3359 3360 3361 3362 3365 3366 3369 3370 3374 3375 3378 3379 3385 3389 3392 3393 3395 4856 4857 3403 3409 3657 3411 3412 3416 3417 4668 4677 3422 3423 3424 3426 3427 3428 3429 3431 3432 3436 3437 3442 3443 3447 3448 3450 3451 3452 3453 3458 3459 3464 3467 3471 3472 3473 3474 3477 3478 3480 3481 3483 3485 3486 3488 3489 3491 3492 3494 3495 3497 3498 3501 3503 3508 3509 3512 3513 3515 3516 3521 3522 3525 3526 3530 3533 3535 3537 3538 3539 3540 3544 3545 3749 3751 3752 3753 3754 3759 3763 3764 4341 4342 3769 3770 3771 4005 4006 3776 3777 -1 3782 -1 3783 3784 3786 3787 3792 3793 3944 3946 3949 3950 3952 3953 3957 3958 3964 4487 4489 3971 3972 3975 3976 3977 3978 3979 3980 3981 3982 3984 3985 3986 3987 3988 3989 3799 3800 3802 3803 3806 3807 3808 3810 3811 4598 4635 3820 3821 3822 3825 3826 3832 3833 3835 3836 3837 3838 3843 3844 3845 3846 3848 3849 3855 3856 3860 3861 3867 3868 3870 3871 3873 3874 3878 3879 3880 3881 3883 3885 3887 3888 3892 3893 3894 3895 3899 3900 3905 3906 4427 4429 3912 3913 3917 3918 3919 3920 3924 3925 3926 3927 3928 3929 3931 3932 3933 3934 3938 3939 3601 3602 3603 3604 3605 3606 3607 3609 3610 3611 3612 3613 3614 3616 3618 3620 3621 3622 3623 3624 3625 3626 3629 3630 3631 3632 3635 3636 3639 3640 3643 3644 3648 3649 3651 3652 3662 3663 3665 3666 3669 3673 3674 3675 3676 3679 3680 3681 3682 3686 3687 3690 3691 3692 3693 3695 3696 3698 3699 3701 3702 4774 3708 3709 3710 3711 3712 3713 4573 4574 3721 3722 3724 3725 3726 3730 3731 3733 3734 3737 3738 3742 3743 3745 4275 4276 -1 4279 4283 4284 4289 4290 4294 4297 4299 4300 4303 4304 4305 4306 4308 4312 4313 4320 3992 3993 3994 3995 3997 3998 4001 4002 4007 4008 4022 4023 4014 4015 4018 4019 4024 4025 4026 4029 4030 4036 4037 4039 4041 4044 4045 4048 4049 4050 4113 4055 4056 4061 4062 4073 4075 4077 4078 4088 4089 4090 4092 4093 4094 4100 4102 4108 4109 4110 4111 -1 4116 4117 4120 4121 4129 4130 4140 4141 4147 4149 4156 4157 4158 4159 4161 4165 4166 4172 4173 4180 4181 4182 4186 4188 4191 4192 4193 4194 4198 4199 4200 4204 4205 4216 4217 4220 4221 4229 4230 4616 4619 4245 4246 4251 4257 4259 4264 4265 4266 4267 4268 4271 4274 -1 4451 -1 4452 4456 4457 4462 4463 4466 4467 -1 4469 4470 4471 4472 4473 4475 4476 4478 4479 4480 4788 4789 4625 4626 4633 4634 4638 4639 4642 4643 4645 4646 4649 4650 4654 4655 4657 4658 4661 4662 4491 4492 4499 4500 4501 4504 4507 4508 4509 4510 4512 4513 4516 4517 4518 4519 4525 4526 4528 4529 4530 4533 4534 4536 4537 4541 4542 4545 4552 4553 4561 4562 4569 4570 4575 4576 4577 4581 4582 4584 4585 4587 4589 4592 4593 4603 4604 4611 4617 4618 4324 4330 4331 4332 4337 4338 4347 4348 4349 4350 4360 4368 4369 4370 4375 4377 4384 4385 4386 4387 4391 4392 4398 4399 4484 4488 4408 4409 4411 4412 4416 4417 4418 4419 4421 4422 4424 4425 4430 4431 4441 4444 4664 4665 4669 4670 4674 4675 4678 4679 4683 4689 4690 4692 4693 4697 4698 4699 4700 4703 4704 4706 4707 4708 4709 4710 4711 4712 4713 4714 4715 4719 4720 4722 4723 4726 4727 4728 4729 4730 4731 4732 4733 4736 4737 4739 4740 4742 4743 4744 4745 4746 4747 4752 4753 4757 4758 4761 4762 4767 4768 4769 4770 4771 4780 4781 4790 4793 4794 4797 4798 4799 4800 4803 4804 4805 4806 4808 4809 4811 4812 4816 4817 4820 4821 4825 4826 4827 4828 4831 4832 4833 4834 4837 4838 4841 4842 4845 4846 4847 4848 4849 4850 4853 4854 4858 4859 4860 4861 4863 4864 4865 4868 4869 4873 4874 4878 4879 -1
2730 2729 -1
56 59 147 150 181 12 -1 2650 -1 2651 -1 2231 2232 -1 4851 -1 745 -1 801 -1 814 -1 816 -1 2268 -1 2269 -1 4003 -1 4004 -1 2263 -1 2270 -1 3595 -1 3596 -1 2344 -1 2347 -1 2355 -1 2373 -1 4615 -1 4620 -1 2836 -1 2860 -1 3336 -1 3353 -1 3357 -1 3367 -1 3704 -1 3719 -1 3723 -1 3727 -1 3732 -1 3744 -1
2960 2961 3323 3324 2960 2961 -1
581 -1
2098 2099 -1
478 479 -1 4716 -1 4717 -1
3083 3082 -1
2882 2883 4682 2882 2883 -1
4001 4002 -1
618 -1
2617 2618 -1
2250 2251 -1
2872 2873 2872 2873 -1
2931 2932 -1
210 211 -1
4786 4787 4774 4775 4776 4786 4787 4786 4787 4786 4787 4786 4787 4788 4789 -1
3343 3344 -1
2146 2147 -1
4557 2307 4557 2307 -1
2730 2729 1625 1626 1628 1629 -1
2771 2772 -1
4477 3483 -1
502 293 2555 342 2556 -1 1591 -1 1601 -1 2679 -1 2114 -1 3761 -1 3762 -1 3170 -1 3173 -1 2855 -1 2859 -1 3085 -1 3104 -1 3582 -1 3396 -1 3425 -1 3435 -1 3534 -1 3884 -1 3896 -1
3598 3599 -1
60 1276 1282 3710 3711 153 160 38 39 383 -1 576 423 -1 866 -1 867 -1 876 -1 2563 -1 1042 -1 849 -1 858 -1 859 -1 1229 -1 3709 1630 975 -1 1006 -1 1017 -1 1021 -1 1316 3708 -1 2202 -1 2206 -1 2212 -1 2213 -1 2574 -1 2580 -1 2584 -1 2600 -1 2602 -1 2524 2539 2548 2315 2322 2336 -1 2608 2610 2611 3307 -1 3308 -1 2758 -1 2767 -1 2776 -1 2782 2816 -1 2868 -1 3239 -1 3267 -1 3270 3143 3168 -1
2626 3851 -1 2626 3851 2626 3851 2626 3851 2626 3851 -1
4576 4577 4531 4532 -1
2596 4682 -1 4774 -1 2795 -1
3276 3277 -1
1086 70 2116 3582 2075 2079 4169 152 163 4365 173 4372 3534 4174 2119 374 392 394 397 4860 4861 -1 552 -1 554 -1 558 -1 587 472 -1 483 -1 490 491 493 532 545 546 292 365 -1 4583 601 715 723 -1 726 -1 3393 730 731 737 747 1736 755 1741 -1 4029 -1 4030 784 785 790 794 799 812 815 4140 4141 827 830 836 838 840 845 1760 4580 1761 1049 4421 -1 4422 1071 1749 3971 3972 -1 2761 1101 1107 978 987 3392 1033 1040 -1 1620 -1 1641 -1 1642 -1 1654 1661 3776 3777 -1 2480 -1 2490 -1 2312 -1 2320 -1 2333 -1 2334 -1 2820 -1 2837 -1 3204 -1 3209 -1 3218 -1 3445 -1 4640 -1 4590 -1 4389 -1 4410 -1 4423 -1 4862 -1 4872 -1 4881 -1
4725 459 460 4682 2390 2402 459 460 4724 4725 2390 2402 459 460 -1
1028 1029 1416 -1
2729 2730 -1
3683 3685 4280 4281 648 652 648 652 652 4281 3685 -1
2407 2408 2409 2411 2673 2674 2675 2676 2677 2866 2867 -1
2709 3356 -1 1079 -1 3250 -1 1087 -1 3251 -1 999 -1 1002 -1 1004 1008 3515 -1 3516 4689 -1 1558 4690 1429 1432 1484 -1 1891 -1 1764 1777 -1 1992 3933 4541 3934 4542 2040 -1 2043 -1 2489 -1 2503 -1 3346 -1 3358 -1 3518 -1 3839 -1 4455 -1 4468 -1 4420 -1 4436 -1 4822 -1 4840 -1
474 -1 4851 -1
4648 4660 1476 3332 1837 1838 88 89 3819 4523 -1 191 192 193 194 197 198 199 200 201 3785 219 3000 2634 99 456 116 117 2151 449 1289 1290 2802 2803 167 1554 1556 3166 3167 2530 1712 1724 -1 4239 -1 561 -1 1535 3812 2233 2236 1431 456 473 475 476 -1 480 520 523 1476 538 540 542 875 259 3001 285 1717 308 309 4206 4208 1931 4535 -1 875 -1 4301 -1 4302 2624 895 2835 899 1717 631 977 1557 670 988 702 -1 734 735 749 750 -1 833 850 852 1184 1185 -1 3338 -1 1222 -1 3915 -1 3339 -1 1225 1226 1227 3916 1230 1232 1235 3746 1238 2590 1240 1241 1243 3748 3683 1247 3685 1252 1258 -1 1259 1261 1136 1137 1163 1164 1184 1185 1193 1196 1198 938 939 948 959 1431 963 966 984 985 2647 2648 2888 2634 2467 -1 1540 -1 1541 4878 4879 3060 3061 1569 3785 1264 1266 1267 1268 1269 2795 1286 1273 1275 1276 1277 1279 1280 1287 1282 1283 2095 2102 2596 1301 1307 1311 1315 1319 1321 1322 1323 3823 1325 1326 2969 1328 1331 2970 1334 1335 1336 4657 4805 4658 4806 1343 1344 1345 1346 4569 4570 1352 1354 1355 1356 1357 1360 1361 1364 1365 1366 3824 4552 4533 1370 1371 2944 4858 4553 4534 1380 3178 1388 2945 4859 4847 3179 1399 1401 4848 1404 1405 1408 2193 2194 1415 2474 1431 1480 1498 4682 1512 1513 4529 4530 1518 1519 1524 1525 1705 1707 2127 2128 3855 3856 3600 3601 3099 1736 1738 1741 3100 1743 -1 1904 -1 1906 -1 1907 1908 1912 4622 3339 1756 1757 1759 1763 2197 1766 1767 1768 1771 2198 1773 1775 3855 3600 4824 1813 2555 2556 1874 1875 1877 1879 1577 1579 1594 3108 1596 3109 1608 1610 1611 1612 1614 1829 1843 1633 1634 4654 4655 2855 2859 1668 2920 2923 1689 3729 1700 3740 1703 -1 2200 -1 2201 4034 1945 1948 1949 1951 4733 2002 2003 2014 4719 4720 2051 2055 4711 2075 4104 4106 2079 2081 -1 2110 -1 2977 2112 2978 2116 2119 2120 2122 2123 2137 2138 2139 2140 2143 2144 4603 2160 2161 3015 4604 2164 2165 3016 2183 2184 2187 2188 2189 2558 2195 2196 -1 3817 -1 3818 2416 3700 3197 3654 3198 4063 2422 2423 2556 2572 2573 4072 3819 2795 4220 4221 2888 2634 -1 2610 2611 2473 3382 3391 2495 2496 -1 2711 2508 2509 2712 2646 2512 2513 2515 2516 2517 2649 2519 2521 2531 4868 2533 4869 2538 4799 4853 2542 4800 4854 2555 2268 2269 2285 2287 2301 2302 2321 2331 2332 3675 3676 2351 2352 2353 2673 2356 2357 2358 2359 2360 2363 4091 2365 2376 2377 -1 2881 2605 2607 2623 2624 2626 -1 2633 -1 3757 2705 2708 3215 3231 3232 2760 2762 2763 2764 2802 2803 2832 2835 2845 2845 3819 3103 3105 4104 4106 3126 3127 -1 3217 -1 3221 3231 3232 2962 2963 3040 3042 -1 3566 -1 3573 -1 3851 3301 3302 3329 3332 4326 4329 3368 3760 3376 -1 3502 3510 3511 3757 3760 -1 3941 3983 -1 4824 3817 3818 3823 3936 3637 3654 4063 3683 3685 4291 4293 3996 3999 4016 4017 -1 4079 4095 4097 4105 4107 -1 4123 4124 4127 4128 4131 4134 4137 4138 4139 4142 4143 4145 4146 4148 4150 4162 4163 4164 4167 4168 4169 4170 4171 4174 4175 4196 4202 4206 4207 4208 4210 4212 4213 4214 4215 4223 4224 4227 4228 4231 4232 4247 4248 4250 4255 4258 4260 -1 4448 -1 4459 4461 -1 4484 4485 4488 4636 4637 4490 4523 4531 4532 4547 4699 4549 4550 4551 4700 4555 4556 4557 4560 4563 4564 4566 4568 4571 4572 4594 4596 4600 4606 4615 4616 4619 4620 4345 4346 4351 4352 4354 4356 4358 4361 4363 4365 4366 4367 4371 4372 4373 4374 4376 4395 4380 4381 4397 4427 4429 4432 4433 4435 4438 4440 4443 4446 4724 4725 4738 4741 4810 4813 4818 4819 4823 4824 4835 4839 -1
92 2286 101 105 -1 549 -1 578 -1 3054 -1 3055 -1 625 -1 1877 668 1879 680 -1 1176 -1 919 2494 4462 4463 -1 2249 -1 2265 -1 2274 -1 4495 -1
3532 -1
2566 2571 2564 2565 2566 2571 3654 4063 2571 -1
2260 2261 2261 444 -1
1050 1056 -1 4148 -1 1553 4566 1425 -1 1715 -1 1723 -1 1677 1686 -1 3201 -1 3210 -1 2920 -1 2923 -1 3557 -1 3566 -1 3561 -1 3572 -1 3573 -1 4224 -1 3584 -1 4228 -1 4738 -1 4741 -1 3382 -1 3391 -1 3475 -1 3543 -1 3819 -1 4072 -1 4132 -1 4144 -1 4178 -1 4648 -1 4652 -1 4659 4660 4663 4565 4668 4676 4677 -1
4114 4153 -1
1987 2747 4645 4646 1987 2747 -1
280 299 300 322 -1 725 -1 728 -1 3604 -1 3605 -1 803 -1 832 -1 4404 -1 4405 -1 1257 980 986 989 993 -1 1302 -1 1303 -1 1312 -1 1320 -1 1333 1351 1372 3050 3051 -1 3384 -1 3386 -1 2384 -1 2389 -1 2390 -1 2402 -1 3466 -1 3531 -1 4439 -1 4445 -1 3684 -1 3707 -1 2506 2520 -1 2657 -1 2667 -1 3084 3088 -1 3594 -1 4478 -1 4479 -1 3493 -1 4576 -1 3524 3548 3828 -1 3834 4577 3854 3650 -1 4082 -1 4355 -1
2758 2776 -1
2414 2670 -1 4334 -1 4335 -1
159 164 3984 3985 -1 3428 -1 3429 -1 4595 3276 4597 3277 -1 2847 -1 2850 -1 515 275 282 284 294 295 320 -1 872 -1 873 -1 4060 900 906 595 596 918 -1 1353 -1 1406 -1 1437 -1 1449 -1 1828 -1 1847 -1 1852 -1 2203 -1 2208 -1 2210 -1 2214 -1 2225 -1 2240 -1 1939 -1 1967 -1 2477 -1 2487 2243 2246 4326 4329 -1 2935 -1 2964 -1 4115 -1 4155 -1 4160 -1 4240 -1 4261 -1 4635 -1 4559 -1 4598 -1 4765 -1
1895 1896 -1
643 650 651 656 3453 666 -1
2131 -1
2445 -1
4582 865 870 824 834 3018 847 848 853 860 4581 -1
1760 1761 -1
2866 2867 -1
2211 3321 3322 2215 -1 1192 -1 1200 913 920 921 930 -1 1417 -1 1585 -1 1590 3949 -1 3950 1613 1619 3832 3833 -1 2089 -1 2095 -1 2102 -1 2103 -1 2109 -1 3873 -1 3874 2329 -1 2942 -1
3078 3079 3082 3083 -1
2822 2823 -1
3656 3664 -1
4770 4771 4124 4137 4770 4771 -1
4175 499 2896 501 1912 4622 905 907 -1 1182 -1 757 758 796 805 2184 3026 3028 4752 4753 4552 4553 949 954 955 957 958 4588 967 970 973 974 977 981 988 1888 1889 -1
3532 2439 3532 3532 3532 3532 3683 3685 3683 3685 3532 -1
315 316 -1
2430 2439 3532 3532 2439 3532 3532 2430 -1
304 305 -1
3293 3295 -1
1569 3785 1557 1557 3785 -1
4852 4855 -1
895 165 166 171 3629 3630 738 899 391 739 396 399 404 414 418 3291 3298 2057 2058 -1 331 -1 354 -1 711 -1 720 -1 811 -1 1133 -1 1135 -1 1946 -1 1947 -1 1146 -1 1150 -1 3233 -1 3234 1207 3450 3451 923 933 936 997 -1 3494 -1 1567 -1 1292 3574 3575 3495 -1 4129 -1 4130 -1 2028 2033 -1 2576 -1 2583 -1 4533 -1 4534 -1 2319 -1 3162 -1 3180 -1 3216 -1 3556 -1 3587 -1 3597 -1 3300 -1 3305 -1 3327 -1 3340 -1 4430 -1 4431 -1 3875 -1 3902 3608 3619 3656 3664 -1
5 14 -1 2250 -1 510 -1 238 -1 351 -1 2251 -1 1123 -1 910 -1 3108 -1 2211 -1 2215 -1 2220 -1 2221 -1 2118 -1 3109 -1 2527 -1 2300 -1 2311 -1 4355 -1 3065 -1 2987 -1 4082 -1 2996 -1 3019 -1 3027 -1 3045 -1 3466 -1 3531 -1 3684 -1 3707 -1
3941 -1
2876 2877 2884 3203 2890 2892 2893 3671 -1 2934 2896 2899 2900 2903 2914 2636 3975 3976 2641 2731 2645 2646 2649 2654 2655 2661 2664 2665 2666 2703 2704 2706 2707 2709 3356 2711 2712 2713 2714 2715 2716 2717 4118 2719 2720 2721 2722 3323 3324 2725 2726 2728 2735 2736 2739 3745 2741 2745 2746 2747 3017 3018 2750 2751 2755 2756 2757 2759 2765 2766 2774 2775 2777 3479 2783 2784 2787 3901 2791 2792 3209 3218 2796 2797 2798 2806 2807 4743 2814 2815 2817 2818 2824 2825 2826 2829 2830 2838 3672 4818 4819 3650 2847 3524 2850 2853 2856 2861 2862 2864 2869 2870 3131 2875 -1 3050 3051 3068 3069 3448 3231 3232 3237 3238 3242 3249 3252 3262 4719 4720 3271 3237 3238 3096 3097 3098 3110 3111 3112 3115 3120 3121 3132 3142 3851 3594 3169 3170 3173 3174 3175 3176 3181 3186 -1 3196 -1 3205 3206 3409 2929 2938 2939 2943 2946 2947 2948 2949 2968 2971 4709 2977 2978 2983 2984 2992 2993 3000 3001 4491 4492 3008 3009 3012 3013 3014 3022 3029 3030 3033 3034 3037 4125 4133 -1 3550 3551 3588 3592 3278 3284 3287 3288 3289 3291 3298 3524 3306 3309 3321 3322 3325 3326 3328 3330 3331 3341 3342 3345 3347 3348 3356 3363 3364 3377 3380 3383 3384 3386 4804 3390 3398 3401 3404 3405 3418 4230 3434 3438 3439 3440 3444 3816 3455 3456 3457 3460 4878 4879 3468 3469 3479 -1 3496 4378 3519 3523 3527 3529 3542 3547 3549 3746 3748 4466 4467 3761 3762 3774 3775 3778 3779 -1 4311 -1 3781 3785 3788 3789 3790 3791 3794 4790 4217 4791 4365 4372 3951 3954 3955 3956 3959 3960 3961 3962 3963 3965 3966 3967 3969 4456 4457 3795 4577 3797 3801 3804 4764 3809 3812 3813 3816 3824 3842 3850 3859 3862 3863 3864 3866 3869 3876 3877 3886 3889 3890 3891 4409 3898 3901 3903 3904 3907 3908 3909 3914 3915 3916 3922 3923 3930 3935 3937 4216 3615 4621 3633 3634 3638 3641 3645 3646 3657 3667 3668 3671 3672 3677 3678 3688 3842 3694 3700 3714 3716 3735 4766 3739 3741 4277 4278 4280 4281 4285 4286 4295 4296 4307 4705 -1 4310 4314 4315 4316 4317 4318 4319 3990 3991 4000 4003 4004 4005 4006 4009 4012 4013 4020 4021 4022 4023 4027 4028 4031 4032 4033 4034 4215 4038 4040 4042 4043 4052 4591 4054 4057 4058 4059 4060 4063 4065 4069 4074 4076 4080 4081 4083 4085 4809 4091 4096 4098 4099 4101 4103 4104 4106 4113 4114 -1 4118 4755 4759 4153 4176 4177 4179 4183 4184 4185 4187 4189 4190 4775 4776 4201 4203 4209 4211 4218 4219 4222 4225 4226 4238 4241 4242 4249 4252 4269 4270 4272 4273 -1 4447 -1 4458 4460 4464 4465 4483 4486 4487 4489 4621 4622 4624 4629 4630 4647 4651 4653 4493 4494 4496 4497 4498 -1 4502 4503 4505 4506 4514 4515 4522 4524 4527 4535 4538 4539 4544 4546 4578 4579 4580 4583 4586 4588 4591 4595 4597 4599 4601 4605 4607 4608 4609 4610 4612 4613 4614 4321 4322 4863 4326 4327 4864 4329 4333 4336 4339 4340 4341 4342 4343 4344 4357 4359 4427 4429 4378 4383 4388 4390 4395 4397 4406 4407 4413 4414 4415 4426 4428 4434 4437 4439 4442 4445 4666 4667 4671 4672 4673 4688 4691 4694 4695 4696 4701 4702 4705 4716 4717 4718 4721 4734 4735 4748 4749 4750 4751 4754 4760 4763 4764 4766 4792 4795 4796 4802 4807 4814 4815 4829 4830 4836 4843 4844 4852 4855 4856 4857 4866 4867 4875 4876 4877 4880 -1
3372 -1
2260 2261 -1
2366 2367 2371 2430 2371 2430 -1
3314 3315 -1
